# Created by Octave 5.2.0, Sun Nov 15 22:29:53 2020 -03 <ericles@ericles-G3-3590>
# name: na
# type: scalar
0


# name: nd
# type: scalar
0


# name: matDisc
# type: matrix
# rows: 0
# columns: 0


# name: matAluno
# type: matrix
# rows: 0
# columns: 0


